Brimstone 86810 11111 14012 1313 41214 20415 32516 78117 17118 65719
Coolmule 0 1 102 1203 12304 33105 22206 43007 51208 90009
Sillyrabbit 2020 12321 22222 74423 1424 52125 55526 27 228 3029
Flatulentfox 40030 31 21232 33333 1234 99935 99836 98737 5338 87639
Loudkitty 10040 7341 86242 65143 44444 12345 246 65347 1248 54549
Sprucemoose 45650 5151 42452 9753 87654 55555 23456 13757 11358 21459
Sofakinggalka 36060 75261 84462 93663 12864 5465 66666 34567 2468 15769
Uglyduck 56470 72971 39972 10473 42374 16875 12176 77777 11778 13579
Blondetiger 53180 70381 9982 33983 3084 43985 27686 32687 88888 53889
Dumbelephant 40590 71691 50992 50793 17594 78295 46296 61097 55398 99999
Hopefullylucky 82005 12309 12144 11303 91020 41412 7714 84124 51400 11817

Brimstonefox 214 117
*Coolmule 140 121
Sillyrabbit 222 242 
Flatulentfox 333 935 
Loudkitty 246 347
Sprucemoose 358 459
Sofakinggalka 412 424
Uglyduck 423 020
Blondetiger 118 707
Dumbelephant 944 548
Hopefullylucky 210 119
*Snuglysheep 101 97
*Pumpkinrachel 569 251
mchampster 640 670
Forlorndove 832 957
*Filthyfish 909 771